{
 "cells": [
  {
   "cell_type": "markdown",
   "metadata": {},
   "source": [
    "## add_pr_curve\n",
    "\n",
    "https://www.yuque.com/huangzhongqing/hre6tf/bz88ccq3px8bax5z#HNQA7\n"
   ]
  },
  {
   "cell_type": "code",
   "execution_count": 8,
   "metadata": {},
   "outputs": [],
   "source": [
    "\n",
    "from torch.utils.tensorboard import SummaryWriter\n",
    "\n",
    "# 按住ctrl. 鼠标点击查看源码\n",
    "writer = SummaryWriter(\"../logs/tb_add_pr_curve\")"
   ]
  },
  {
   "cell_type": "code",
   "execution_count": 18,
   "metadata": {},
   "outputs": [
    {
     "name": "stdout",
     "output_type": "stream",
     "text": [
      "y_scores: [[1.46684747e-02 6.22995920e-01 3.62335605e-01]\n",
      " [2.11566844e-02 3.62929510e-01 6.15913805e-01]\n",
      " [3.76210935e-01 6.12273928e-01 1.15151370e-02]\n",
      " [5.25716121e-01 4.57438373e-01 1.68455060e-02]\n",
      " [1.48374664e-01 8.39774630e-01 1.18507062e-02]\n",
      " [7.32693248e-02 8.18027639e-01 1.08703036e-01]\n",
      " [3.08313182e-02 9.96167591e-02 8.69551923e-01]\n",
      " [9.15944837e-01 6.80317436e-02 1.60234194e-02]\n",
      " [2.74011963e-01 3.62553385e-01 3.63434652e-01]\n",
      " [1.39120035e-02 6.27509141e-02 9.23337082e-01]\n",
      " [1.93352893e-01 7.90867508e-01 1.57795993e-02]\n",
      " [9.38232716e-01 3.26648980e-02 2.91023858e-02]\n",
      " [4.47629677e-01 4.62726211e-01 8.96441113e-02]\n",
      " [9.59095960e-01 3.66114801e-02 4.29256035e-03]\n",
      " [1.35756491e-02 2.01843732e-01 7.84580619e-01]\n",
      " [2.32990527e-02 7.00585226e-01 2.76115722e-01]\n",
      " [1.70733178e-01 6.35614697e-01 1.93652125e-01]\n",
      " [3.12579527e-02 1.45342558e-02 9.54207791e-01]\n",
      " [1.21827522e-01 1.73942022e-01 7.04230457e-01]\n",
      " [2.17253674e-03 1.63999359e-01 8.33828104e-01]\n",
      " [9.81592318e-01 8.79627695e-03 9.61140488e-03]\n",
      " [9.76226649e-01 1.12025287e-02 1.25708226e-02]\n",
      " [7.40855376e-02 1.88842357e-02 9.07030227e-01]\n",
      " [9.87130323e-03 2.04706527e-02 9.69658044e-01]\n",
      " [6.05363868e-02 9.14204152e-01 2.52594608e-02]\n",
      " [4.86067234e-01 4.02835295e-01 1.11097470e-01]\n",
      " [8.09421129e-01 1.01595758e-01 8.89831132e-02]\n",
      " [9.59925189e-01 1.39004132e-02 2.61743974e-02]\n",
      " [3.71761689e-01 3.68371390e-01 2.59866920e-01]\n",
      " [2.94146917e-01 5.34835930e-01 1.71017153e-01]\n",
      " [3.06490619e-02 5.62485273e-01 4.06865665e-01]\n",
      " [5.38085561e-01 3.08364701e-01 1.53549738e-01]\n",
      " [1.43315191e-01 5.08709061e-03 8.51597718e-01]\n",
      " [7.96055478e-02 2.29849007e-01 6.90545445e-01]\n",
      " [7.13074137e-01 2.82038721e-01 4.88714259e-03]\n",
      " [1.02055685e-02 8.90376565e-02 9.00756775e-01]\n",
      " [8.38364616e-01 1.39038106e-01 2.25972783e-02]\n",
      " [2.94719814e-02 9.40342057e-01 3.01859616e-02]\n",
      " [2.49170531e-03 6.71733687e-02 9.30334926e-01]\n",
      " [8.02438521e-01 6.09943110e-02 1.36567168e-01]\n",
      " [5.01940517e-01 4.59599914e-01 3.84595691e-02]\n",
      " [6.48549171e-01 3.45844000e-01 5.60682853e-03]\n",
      " [7.24057726e-03 7.74231588e-01 2.18527834e-01]\n",
      " [1.78199065e-01 7.83873224e-01 3.79277109e-02]\n",
      " [6.61619735e-02 8.28645892e-01 1.05192134e-01]\n",
      " [2.81262877e-03 6.80167527e-01 3.17019844e-01]\n",
      " [9.33707089e-01 1.52127042e-02 5.10802071e-02]\n",
      " [4.68639773e-03 2.27692829e-02 9.72544319e-01]\n",
      " [9.44191630e-01 3.37207203e-02 2.20876492e-02]\n",
      " [5.66429428e-01 4.23895685e-01 9.67488641e-03]\n",
      " [4.01789056e-03 4.21236096e-01 5.74746013e-01]\n",
      " [1.99696167e-01 2.27552633e-01 5.72751200e-01]\n",
      " [1.47756748e-01 1.45969811e-01 7.06273441e-01]\n",
      " [1.39700473e-02 7.17977487e-01 2.68052466e-01]\n",
      " [1.82574260e-01 3.45563807e-03 8.13970102e-01]\n",
      " [2.87280899e-02 1.63638628e-01 8.07633283e-01]\n",
      " [7.10291630e-02 3.46723530e-01 5.82247307e-01]\n",
      " [7.31637398e-03 2.06755791e-02 9.72008047e-01]\n",
      " [2.06661917e-02 6.15812491e-01 3.63521317e-01]\n",
      " [9.70967412e-01 2.06376632e-02 8.39492459e-03]\n",
      " [4.36435551e-02 1.84962640e-03 9.54506818e-01]\n",
      " [7.50240915e-02 2.50920550e-01 6.74055358e-01]\n",
      " [8.96569105e-01 1.34844817e-03 1.02082446e-01]\n",
      " [4.13221385e-01 2.58114477e-01 3.28664138e-01]\n",
      " [9.22902902e-01 7.33434742e-02 3.75362389e-03]\n",
      " [8.50731869e-01 1.36473326e-01 1.27948058e-02]\n",
      " [8.75556128e-04 2.80296547e-01 7.18827896e-01]\n",
      " [8.74187866e-01 1.22497058e-01 3.31507671e-03]\n",
      " [3.80633235e-02 2.94769723e-01 6.67166954e-01]\n",
      " [6.90987364e-02 5.92590954e-01 3.38310310e-01]\n",
      " [4.84945705e-01 5.10606345e-01 4.44795016e-03]\n",
      " [2.84868672e-01 8.90646441e-03 7.06224864e-01]\n",
      " [1.07439559e-02 7.57186218e-01 2.32069826e-01]\n",
      " [3.00470803e-03 9.30823900e-01 6.61713923e-02]\n",
      " [3.49205746e-02 4.50275496e-01 5.14803930e-01]]\n",
      "b_y: [[0 0 1]\n",
      " [0 0 1]\n",
      " [1 0 0]\n",
      " [1 0 0]\n",
      " [0 1 0]\n",
      " [0 1 0]\n",
      " [0 0 1]\n",
      " [1 0 0]\n",
      " [0 1 0]\n",
      " [0 0 1]\n",
      " [1 0 0]\n",
      " [1 0 0]\n",
      " [1 0 0]\n",
      " [1 0 0]\n",
      " [0 0 1]\n",
      " [0 0 1]\n",
      " [0 1 0]\n",
      " [0 1 0]\n",
      " [0 0 1]\n",
      " [0 0 1]\n",
      " [1 0 0]\n",
      " [1 0 0]\n",
      " [0 0 1]\n",
      " [0 0 1]\n",
      " [0 1 0]\n",
      " [0 1 0]\n",
      " [1 0 0]\n",
      " [1 0 0]\n",
      " [0 1 0]\n",
      " [0 1 0]\n",
      " [0 1 0]\n",
      " [1 0 0]\n",
      " [0 1 0]\n",
      " [0 0 1]\n",
      " [1 0 0]\n",
      " [0 0 1]\n",
      " [1 0 0]\n",
      " [0 1 0]\n",
      " [0 1 0]\n",
      " [0 1 0]\n",
      " [1 0 0]\n",
      " [1 0 0]\n",
      " [0 1 0]\n",
      " [0 1 0]\n",
      " [0 1 0]\n",
      " [0 0 1]\n",
      " [1 0 0]\n",
      " [0 0 1]\n",
      " [1 0 0]\n",
      " [1 0 0]\n",
      " [0 0 1]\n",
      " [0 1 0]\n",
      " [0 1 0]\n",
      " [0 1 0]\n",
      " [0 0 1]\n",
      " [0 1 0]\n",
      " [0 1 0]\n",
      " [0 0 1]\n",
      " [0 1 0]\n",
      " [1 0 0]\n",
      " [0 0 1]\n",
      " [0 1 0]\n",
      " [1 0 0]\n",
      " [0 1 0]\n",
      " [1 0 0]\n",
      " [1 0 0]\n",
      " [0 0 1]\n",
      " [1 0 0]\n",
      " [0 0 1]\n",
      " [0 1 0]\n",
      " [1 0 0]\n",
      " [0 0 1]\n",
      " [0 0 1]\n",
      " [0 0 1]\n",
      " [0 0 1]]\n"
     ]
    }
   ],
   "source": [
    "import numpy as np\n",
    "def add_pr_curve(writer):\n",
    "    from sklearn.linear_model import LogisticRegression\n",
    "    from sklearn.preprocessing import label_binarize\n",
    "    def get_dataset():\n",
    "        from sklearn.datasets import load_iris\n",
    "        from sklearn.model_selection import train_test_split\n",
    "        x, y = load_iris(return_X_y=True)\n",
    "        random_state = np.random.RandomState(2020)\n",
    "        n_samples, n_features = x.shape\n",
    "        # 为数据增加噪音维度以便更好观察pr曲线\n",
    "        x = np.concatenate([x, random_state.randn(n_samples, 100 * n_features)], axis=1)\n",
    "        x_train, x_test, y_train, y_test = train_test_split(x, y, test_size=0.5,\n",
    "        random_state=random_state)\n",
    "        return x_train, x_test, y_train, y_test\n",
    "\n",
    "    x_train, x_test, y_train, y_test = get_dataset()\n",
    "    model = LogisticRegression(multi_class=\"ovr\")\n",
    "    model.fit(x_train, y_train)\n",
    "    # result\n",
    "    # 预测概率(每个label的概率)\n",
    "    y_scores = model.predict_proba(x_test)  # shape: (n,3) 每个label都有一个概率！！！！！！！ eg.[0.014668474723677391, 0.6229959204398572, 0.3623356048364655]\n",
    "    # GT label\n",
    "    b_y = label_binarize(y_test, classes=[0, 1, 2])  # shape: (n,3)  GT label生成one-hot(0/1) 比如2,就变成[0,0,1]\n",
    "    print(f\"y_scores: {y_scores}\")\n",
    "    print(f\"b_y: {b_y}\")\n",
    "    for i in range(3):\n",
    "        writer.add_pr_curve(f\"pr_curve/label_{i}\", b_y[:, i], y_scores[:, i], global_step=1)\n",
    "\n",
    "# 调用\n",
    "add_pr_curve(writer)"
   ]
  },
  {
   "cell_type": "code",
   "execution_count": 13,
   "metadata": {},
   "outputs": [
    {
     "name": "stdout",
     "output_type": "stream",
     "text": [
      "y_scores: [[1.46684747e-02 6.22995920e-01 3.62335605e-01]\n",
      " [2.11566844e-02 3.62929510e-01 6.15913805e-01]\n",
      " [3.76210935e-01 6.12273928e-01 1.15151370e-02]\n",
      " [5.25716121e-01 4.57438373e-01 1.68455060e-02]\n",
      " [1.48374664e-01 8.39774630e-01 1.18507062e-02]\n",
      " [7.32693248e-02 8.18027639e-01 1.08703036e-01]\n",
      " [3.08313182e-02 9.96167591e-02 8.69551923e-01]\n",
      " [9.15944837e-01 6.80317436e-02 1.60234194e-02]\n",
      " [2.74011963e-01 3.62553385e-01 3.63434652e-01]\n",
      " [1.39120035e-02 6.27509141e-02 9.23337082e-01]\n",
      " [1.93352893e-01 7.90867508e-01 1.57795993e-02]\n",
      " [9.38232716e-01 3.26648980e-02 2.91023858e-02]\n",
      " [4.47629677e-01 4.62726211e-01 8.96441113e-02]\n",
      " [9.59095960e-01 3.66114801e-02 4.29256035e-03]\n",
      " [1.35756491e-02 2.01843732e-01 7.84580619e-01]\n",
      " [2.32990527e-02 7.00585226e-01 2.76115722e-01]\n",
      " [1.70733178e-01 6.35614697e-01 1.93652125e-01]\n",
      " [3.12579527e-02 1.45342558e-02 9.54207791e-01]\n",
      " [1.21827522e-01 1.73942022e-01 7.04230457e-01]\n",
      " [2.17253674e-03 1.63999359e-01 8.33828104e-01]\n",
      " [9.81592318e-01 8.79627695e-03 9.61140488e-03]\n",
      " [9.76226649e-01 1.12025287e-02 1.25708226e-02]\n",
      " [7.40855376e-02 1.88842357e-02 9.07030227e-01]\n",
      " [9.87130323e-03 2.04706527e-02 9.69658044e-01]\n",
      " [6.05363868e-02 9.14204152e-01 2.52594608e-02]\n",
      " [4.86067234e-01 4.02835295e-01 1.11097470e-01]\n",
      " [8.09421129e-01 1.01595758e-01 8.89831132e-02]\n",
      " [9.59925189e-01 1.39004132e-02 2.61743974e-02]\n",
      " [3.71761689e-01 3.68371390e-01 2.59866920e-01]\n",
      " [2.94146917e-01 5.34835930e-01 1.71017153e-01]\n",
      " [3.06490619e-02 5.62485273e-01 4.06865665e-01]\n",
      " [5.38085561e-01 3.08364701e-01 1.53549738e-01]\n",
      " [1.43315191e-01 5.08709061e-03 8.51597718e-01]\n",
      " [7.96055478e-02 2.29849007e-01 6.90545445e-01]\n",
      " [7.13074137e-01 2.82038721e-01 4.88714259e-03]\n",
      " [1.02055685e-02 8.90376565e-02 9.00756775e-01]\n",
      " [8.38364616e-01 1.39038106e-01 2.25972783e-02]\n",
      " [2.94719814e-02 9.40342057e-01 3.01859616e-02]\n",
      " [2.49170531e-03 6.71733687e-02 9.30334926e-01]\n",
      " [8.02438521e-01 6.09943110e-02 1.36567168e-01]\n",
      " [5.01940517e-01 4.59599914e-01 3.84595691e-02]\n",
      " [6.48549171e-01 3.45844000e-01 5.60682853e-03]\n",
      " [7.24057726e-03 7.74231588e-01 2.18527834e-01]\n",
      " [1.78199065e-01 7.83873224e-01 3.79277109e-02]\n",
      " [6.61619735e-02 8.28645892e-01 1.05192134e-01]\n",
      " [2.81262877e-03 6.80167527e-01 3.17019844e-01]\n",
      " [9.33707089e-01 1.52127042e-02 5.10802071e-02]\n",
      " [4.68639773e-03 2.27692829e-02 9.72544319e-01]\n",
      " [9.44191630e-01 3.37207203e-02 2.20876492e-02]\n",
      " [5.66429428e-01 4.23895685e-01 9.67488641e-03]\n",
      " [4.01789056e-03 4.21236096e-01 5.74746013e-01]\n",
      " [1.99696167e-01 2.27552633e-01 5.72751200e-01]\n",
      " [1.47756748e-01 1.45969811e-01 7.06273441e-01]\n",
      " [1.39700473e-02 7.17977487e-01 2.68052466e-01]\n",
      " [1.82574260e-01 3.45563807e-03 8.13970102e-01]\n",
      " [2.87280899e-02 1.63638628e-01 8.07633283e-01]\n",
      " [7.10291630e-02 3.46723530e-01 5.82247307e-01]\n",
      " [7.31637398e-03 2.06755791e-02 9.72008047e-01]\n",
      " [2.06661917e-02 6.15812491e-01 3.63521317e-01]\n",
      " [9.70967412e-01 2.06376632e-02 8.39492459e-03]\n",
      " [4.36435551e-02 1.84962640e-03 9.54506818e-01]\n",
      " [7.50240915e-02 2.50920550e-01 6.74055358e-01]\n",
      " [8.96569105e-01 1.34844817e-03 1.02082446e-01]\n",
      " [4.13221385e-01 2.58114477e-01 3.28664138e-01]\n",
      " [9.22902902e-01 7.33434742e-02 3.75362389e-03]\n",
      " [8.50731869e-01 1.36473326e-01 1.27948058e-02]\n",
      " [8.75556128e-04 2.80296547e-01 7.18827896e-01]\n",
      " [8.74187866e-01 1.22497058e-01 3.31507671e-03]\n",
      " [3.80633235e-02 2.94769723e-01 6.67166954e-01]\n",
      " [6.90987364e-02 5.92590954e-01 3.38310310e-01]\n",
      " [4.84945705e-01 5.10606345e-01 4.44795016e-03]\n",
      " [2.84868672e-01 8.90646441e-03 7.06224864e-01]\n",
      " [1.07439559e-02 7.57186218e-01 2.32069826e-01]\n",
      " [3.00470803e-03 9.30823900e-01 6.61713923e-02]\n",
      " [3.49205746e-02 4.50275496e-01 5.14803930e-01]]\n",
      "b_y: [[0 0 1]\n",
      " [0 0 1]\n",
      " [1 0 0]\n",
      " [1 0 0]\n",
      " [0 1 0]\n",
      " [0 1 0]\n",
      " [0 0 1]\n",
      " [1 0 0]\n",
      " [0 1 0]\n",
      " [0 0 1]\n",
      " [1 0 0]\n",
      " [1 0 0]\n",
      " [1 0 0]\n",
      " [1 0 0]\n",
      " [0 0 1]\n",
      " [0 0 1]\n",
      " [0 1 0]\n",
      " [0 1 0]\n",
      " [0 0 1]\n",
      " [0 0 1]\n",
      " [1 0 0]\n",
      " [1 0 0]\n",
      " [0 0 1]\n",
      " [0 0 1]\n",
      " [0 1 0]\n",
      " [0 1 0]\n",
      " [1 0 0]\n",
      " [1 0 0]\n",
      " [0 1 0]\n",
      " [0 1 0]\n",
      " [0 1 0]\n",
      " [1 0 0]\n",
      " [0 1 0]\n",
      " [0 0 1]\n",
      " [1 0 0]\n",
      " [0 0 1]\n",
      " [1 0 0]\n",
      " [0 1 0]\n",
      " [0 1 0]\n",
      " [0 1 0]\n",
      " [1 0 0]\n",
      " [1 0 0]\n",
      " [0 1 0]\n",
      " [0 1 0]\n",
      " [0 1 0]\n",
      " [0 0 1]\n",
      " [1 0 0]\n",
      " [0 0 1]\n",
      " [1 0 0]\n",
      " [1 0 0]\n",
      " [0 0 1]\n",
      " [0 1 0]\n",
      " [0 1 0]\n",
      " [0 1 0]\n",
      " [0 0 1]\n",
      " [0 1 0]\n",
      " [0 1 0]\n",
      " [0 0 1]\n",
      " [0 1 0]\n",
      " [1 0 0]\n",
      " [0 0 1]\n",
      " [0 1 0]\n",
      " [1 0 0]\n",
      " [0 1 0]\n",
      " [1 0 0]\n",
      " [1 0 0]\n",
      " [0 0 1]\n",
      " [1 0 0]\n",
      " [0 0 1]\n",
      " [0 1 0]\n",
      " [1 0 0]\n",
      " [0 0 1]\n",
      " [0 0 1]\n",
      " [0 0 1]\n",
      " [0 0 1]]\n"
     ]
    }
   ],
   "source": []
  },
  {
   "cell_type": "code",
   "execution_count": null,
   "metadata": {},
   "outputs": [],
   "source": []
  }
 ],
 "metadata": {
  "kernelspec": {
   "display_name": "Python 3.8.13 ('waymo_38')",
   "language": "python",
   "name": "python3"
  },
  "language_info": {
   "codemirror_mode": {
    "name": "ipython",
    "version": 3
   },
   "file_extension": ".py",
   "mimetype": "text/x-python",
   "name": "python",
   "nbconvert_exporter": "python",
   "pygments_lexer": "ipython3",
   "version": "3.8.13"
  },
  "orig_nbformat": 4,
  "vscode": {
   "interpreter": {
    "hash": "44c80fdca727e273b3b1fdcfb86e5664b0451e88fa74e3d1ad2cb050c7994d10"
   }
  }
 },
 "nbformat": 4,
 "nbformat_minor": 2
}
